index_abd: 21.007340521430137
index_mcp: 68.50125200869043
index_pip: 10.110671929856728
middle_abd: 1.2676536246992711
middle_mcp: 67.72655312402367
middle_pip: 24.22156283258574
pinky_abd: -30.000014146674037
pinky_mcp: 54.54188238517564
pinky_pip: 30.386741991961856
ring_abd: -9.652737001186743
ring_mcp: 47.78340506667051
ring_pip: 57.464478152794285
thumb_abd: 14.903662112291741
thumb_dip: -0.8011928369768206
thumb_mcp: -32.5890333961065
thumb_pip: 14.018605182469543
wrist: 1.7265689461733587
