index_abd: 26.066155044116925
index_mcp: 54.43482278085391
index_pip: 46.78276418760636
middle_abd: 4.4011792727375365
middle_mcp: 27.583468317148657
middle_pip: 25.247804829287205
pinky_abd: -12.524291961322238
pinky_mcp: 9.758831274817869
pinky_pip: 43.73480836787208
ring_abd: -0.628161952472567
ring_mcp: 12.956756342744576
ring_pip: 36.9180330298452
thumb_abd: -0.8766853625254498
thumb_dip: 31.041945087189774
thumb_mcp: -0.6986227871925692
thumb_pip: 65.34947965635864
wrist: -4.538609437073134
