index_abd: -3.132884611803462
index_mcp: 9.969283330488434
index_pip: -4.540191196642315
middle_abd: 1.7424324741649002
middle_mcp: 5.08744264040466
middle_pip: 6.215738527897404
pinky_abd: -13.786416721972302
pinky_mcp: 97.55904082377944
pinky_pip: 73.79005293036526
ring_abd: -9.652737001186743
ring_mcp: 84.86949497507682
ring_pip: 89.81420821230665
thumb_abd: 26.30057973299305
thumb_dip: 23.017802159799345
thumb_mcp: 3.575363465164088
thumb_pip: 124.55743494038526
wrist: -3.955800565678132
