index_abd: -3.3103868757573878
index_mcp: 9.969283330488434
index_pip: -4.450308343658023
middle_abd: 4.781002352310033
middle_mcp: 107.63116704933422
middle_pip: 94.19241955874142
pinky_abd: -11.06797674928104
pinky_mcp: -4.509584696730773
pinky_pip: 9.613259081413492
ring_abd: -6.9099739961853786
ring_mcp: 104.03584344439729
ring_pip: 89.11475267958598
thumb_abd: 19.28709196640763
thumb_dip: 19.977082466736753
thumb_mcp: 33.00002554928298
thumb_pip: -0.26401602647231925
wrist: -12.260804337390539
