index_abd: 23.314869952831124
index_mcp: 78.89477075715456
index_pip: 87.85911624158636
middle_abd: 4.781002352310033
middle_mcp: 95.23053256298417
middle_pip: 84.20991277318221
pinky_abd: -20.38836392677342
pinky_mcp: 89.29465938726729
pinky_pip: 87.75690902658025
ring_abd: -2.5746389237638567
ring_mcp: 89.07674072328776
ring_pip: 95.40983888502299
thumb_abd: 50.34682089715285
thumb_dip: 14.402418756219333
thumb_mcp: 28.068515725051398
thumb_pip: 7.6996276289568435
wrist: -6.141328171992797
